13.1313 6.9392
-1.4141 11.9183
2.2222 9.6352
-3.0303 5.5134
-16.3636 -1.9461
9.899 3.871
19.596 2.5803
-19.596 2.6489
-6.6667 -2.6873
17.5758 4.1775
5.4545 3.4202
-7.8788 -6.7397
-10.7071 -1.0936
-15.1515 -9.2824
-16.7677 0.8677
9.0909 2.4755
-11.5152 -5.6285
1.0101 10.171
5.8586 6.9758
-5.4545 1.48
-4.6465 3.1941
-13.1313 -9.2626
-9.4949 -1.2051
-14.3434 -7.4908
-5.8586 -0.1195
-18.7879 4.8295
-18.3838 7.5883
15.5556 8.781
10.7071 5.1796
17.1717 6.1309
9.4949 2.4246
12.3232 7.9048
-3.8384 5.329
-11.1111 -4.9457
7.4747 6.2451
-13.5354 -6.0402
11.5152 2.1417
3.8384 5.3349
16.3636 4.5352
14.7475 5.8745
-6.2626 1.1297
4.2424 3.4286
-1.8182 8.6357
4.6465 0.6849
2.6263 12.6751
13.5354 3.9486
8.2828 -1.1551
6.6667 3.7276
20.0 2.3932
17.9798 3.8069
-14.7475 -10.1526
10.303 4.2472
-12.3232 -9.7182
-0.6061 10.4042
18.7879 4.4819
15.1515 6.6037
7.0707 5.03
-3.4343 3.2999
11.1111 4.9847
14.3434 6.9094
-2.2222 5.6396
-7.0707 -5.7746
-12.7273 -6.9081
-15.9596 -5.4157
7.8788 2.7367
8.6869 0.9574
-9.899 -3.8504
3.4343 8.3514
13.9394 7.6218
16.7677 2.5068
-1.0101 8.6112
12.7273 9.1158
19.1919 4.8369
-10.303 -4.4386
-11.9192 -6.9492
-7.4747 -7.3041
0.202 9.3097
11.9192 5.3023
-17.9798 4.3362
-15.5556 -7.4671
-13.9394 -9.7392
-20.0 0.0
-9.0909 -3.3965
15.9596 6.9436
-8.2828 -6.6478
0.6061 9.3431
6.2626 4.3619
-17.1717 3.7821
-2.6263 7.5831
18.3838 5.1016
1.8182 13.4459
-8.6869 -3.2481
-19.1919 5.1219
-0.202 7.3254
-4.2424 5.1312
5.0505 -0.1336
-17.5758 5.3472
3.0303 9.4759
-5.0505 -0.0203
1.4141 13.9813