-7.1717 98706059.4025
4.3434 -153701737.1946
8.7879 -345255023.0549
5.1515 119447587.1233
-0.101 -98202231.5067
-9.1919 214051290.2348
-0.7071 -59038260.6256
5.3535 55951855.7628
-1.1111 111422603.3345
4.5455 128529013.5515
1.7172 152101602.327
-2.3232 -21642531.6512
8.5859 -152584017.699
-9.596 681944256.0673
4.9495 1977953.5483
0.9091 -88322205.5459
-0.9091 63846280.7599
-6.1616 159943097.8216
-6.9697 -66020662.3997
-9.3939 578432028.6453
0.5051 -36693311.0791
6.9697 56738913.8493
4.1414 140075727.0935
6.7677 -9441096.5575
-2.5253 -64695974.1854
-5.3535 -35277310.2805
10.0 -469685505.1909
5.5556 -78793054.9794
-6.5657 51902788.124
3.9394 -60294226.2691
7.1717 -200151071.8603
-2.9293 -88930290.23
8.9899 -334027413.4752
8.1818 -180822979.8125
-8.5859 30198387.4979
-1.3131 -98605055.9748
-5.7576 150041990.1342
-0.303 45407240.0483
0.303 -127704542.8564
1.3131 35841186.6495
5.7576 -39979078.6412
0.7071 101315381.2431
-7.5758 205271760.8426
7.3737 54775491.0529
-2.7273 59789397.5663
-5.9596 -25625534.2276
-7.7778 89390164.0018
6.1616 1759952.1743
4.7475 -150359245.4523
1.1111 149224120.6064
2.7273 136772928.5213
2.5253 -3013358.9147
1.9192 137081168.3642
-0.5051 22854681.9176
9.596 -479641746.1119
9.798 -650762063.9575
-5.1515 198919628.4684
0.101 -30361600.1304
-8.7879 196071088.7658
2.3232 -82137259.505
-5.5556 -190205371.5373
-6.3636 56528176.8416
-4.5455 -40559718.1705
-1.5152 -165995821.8845
-8.3838 59215180.7184
-7.9798 214144386.5235
-3.7374 -42424242.5346
9.3939 -221686277.4373
9.1919 -438068624.4751
-10.0 621151332.6232
-2.1212 -63788219.2716
-3.9394 -2623583.931
8.3838 -136152630.2983
-1.7172 143106461.7829
-3.1313 -36428965.0831
-9.798 731975365.9794
3.7374 129239345.264
-4.3434 59390770.5624
2.9293 65200879.5642
-6.7677 94017240.7012
1.5152 47052508.7138
3.1313 -148558327.2498
2.1212 -25280707.4683
7.9798 -237638650.2556
-4.7475 -66309489.4124
-7.3737 205062827.4989
3.3333 192180433.9192
-8.1818 -35849857.1301
6.3636 82130733.9388
6.5657 -145669694.2677
-4.9495 190676729.5461
-3.5354 -160991922.1087
-8.9899 217681832.5705
7.7778 -154374751.8795
3.5354 -164123605.0883
-1.9192 -133470370.5419
5.9596 -126730646.1694
-3.3333 -72139291.9666
-4.1414 -111103872.1586
7.5758 35474287.1635