22.6131 7.4654
5.5276 7.049
-42.7136 10.0798
66.8342 19.6759
-40.7035 7.6575
46.7337 11.5963
-39.6985 7.8057
37.6884 12.9297
65.8291 16.8595
-10.5528 13.9689
86.9347 34.8432
98.995 32.8486
39.6985 12.2377
49.7487 11.1919
-85.9296 5.8591
12.5628 -0.2101
45.7286 11.5634
94.9749 36.3387
-75.8794 18.0078
38.6935 14.4406
-5.5276 6.8849
42.7136 13.8072
-35.6784 10.0247
34.6734 9.5247
96.9849 36.0154
-97.9899 4.2168
93.9698 39.026
52.7638 12.5358
-41.7085 10.8789
-80.9045 12.5725
67.8392 17.2876
-76.8844 17.6995
-12.5628 11.8446
-6.5327 5.5496
79.8995 32.0894
29.6482 8.638
17.5879 -0.1237
88.9447 36.2387
9.5477 4.0944
-55.7789 3.0862
51.7588 14.2417
-68.8442 19.9722
55.7789 18.4364
-74.8744 19.23
87.9397 36.4735
-16.5829 1.9167
-0.5025 9.8657
-33.6683 7.7284
-47.7387 3.3188
-13.5678 8.6223
-86.9347 4.8294
61.809 20.4995
-69.8492 21.3246
-38.6935 7.8106
-27.6382 3.4182
4.5226 9.8688
-73.8693 22.8066
-57.7889 6.9934
7.5377 2.1261
8.5427 2.5702
53.7688 12.0214
-21.608 -1.9488
10.5528 0.9282
-46.7337 4.3104
-94.9749 7.9037
-88.9447 7.9224
28.6432 7.8454
84.9246 32.6177
69.8492 21.7756
-89.9497 7.0742
56.7839 21.9423
95.9799 37.8973
-98.995 3.6244
-24.6231 1.4938
41.7085 16.8244
57.7889 22.7375
83.9196 32.2263
33.6683 7.5901
-56.7839 3.4317
-91.9598 5.3725
-93.9698 10.0379
63.8191 16.7163
-44.7236 10.0348
-62.8141 17.6564
6.5327 3.9463
-82.9146 11.89
-90.9548 3.536
76.8844 28.3573
26.6332 0.9023
-9.5477 14.7161
31.6583 7.0808
74.8744 23.8319
-29.6482 6.7026
-66.8342 18.9431
92.9648 38.3545
47.7387 13.6252
-19.598 3.8196
-37.6884 10.4251
2.5126 12.9337
-81.9095 12.8919
91.9598 42.1031
-64.8241 15.7851
77.8894 27.6959
-77.8894 13.9615
30.6533 8.6237
14.5729 -2.5088
-63.8191 16.4997
-59.799 12.4534
80.9045 30.4313
-15.5779 2.4491
82.9146 31.3396
100.0 32.0471
36.6834 12.3746
-11.5578 13.4346
64.8241 14.3185
60.804 16.9419
89.9497 35.5467
-95.9799 4.3043
16.5829 0.3854
-48.7437 4.3621
-30.6533 7.8324
-1.5075 7.9203
-79.8995 13.2496
18.593 2.2171
11.5578 1.5773
19.598 0.0901
-14.5729 5.8794
-71.8593 22.1452
-32.6633 6.8191
75.8794 26.61
-60.804 13.2063
-52.7638 -4.0239
-61.809 16.7577
-31.6583 7.7205
68.8442 21.128
-53.7688 -2.922
90.9548 38.2518
-54.7739 -0.6567
-87.9397 4.6751
-34.6734 8.9968
-4.5226 8.6168
-67.8392 18.0208
44.7236 14.78
59.799 19.4047
-100.0 0
48.7437 10.3032
-43.7186 7.6543
81.9095 33.9474
-26.6332 1.4523
27.6382 4.8938
78.8945 31.2465
21.608 5.7041
3.5176 12.8867
-8.5427 10.9806
97.9899 35.7551
72.8643 26.9505
54.7739 14.9461
-3.5176 6.4784
-36.6834 8.7105
-84.9246 9.6776
32.6633 3.7542
-65.8291 17.8032
-22.6131 0.4058
15.5779 -0.6905
-96.9849 7.3776
-51.7588 -2.0216
85.9296 30.8819
-58.794 9.3458
73.8693 24.7155
-70.8543 18.6207
1.5075 16.4944
-28.6432 5.3951
20.603 1.9777
25.6281 1.6183
24.6231 0.8811
70.8543 22.2005
-92.9648 6.6527
-83.9196 11.3001
23.6181 3.9607
43.7186 17.5842
-50.7538 -0.5067
-18.593 2.4989
-25.6281 4.0959
-7.5377 8.2051
-23.6181 -0.8075
35.6784 11.8277
0.5025 13.1413
13.5678 1.1301
-2.5126 6.6773
40.7035 15.9938
71.8593 23.1595
58.794 20.5958
-49.7487 0.6675
-17.5879 5.5676
-72.8643 25.9499
-45.7286 7.8223
62.8141 18.0712
50.7538 11.5941
-78.8945 15.3504
-20.603 0.2427