23.8693 39.7902
31.407 -34.5816
-41.4573 -37.9936
20.8543 24.7842
34.9246 -31.9407
-11.3065 23.4769
-8.794 -8.3489
-0.2513 -3.3462
30.402 -26.0498
24.8744 36.233
46.9849 1.8522
-34.9246 31.9407
-15.3266 36.8969
-47.4874 4.8354
-28.8945 8.2098
41.4573 37.9936
-24.3719 -38.5511
26.3819 23.5919
0.7538 9.9448
-13.3166 38.513
-46.4824 -8.488
3.7688 38.0379
41.9598 39.5474
-50.0 32.7379
38.9447 16.1351
2.7638 31.8549
39.4472 22.0115
17.3367 -19.3275
-45.4774 -20.8677
47.9899 -11.3877
-42.9648 -39.3216
-41.9598 -39.5474
-29.8995 20.6245
21.3568 29.6718
-2.2613 -27.3757
10.3015 -11.524
22.3618 36.8417
-8.2915 -14.7541
-4.7739 -39.9916
-26.3819 -23.5919
-9.2965 -1.7101
-10.804 17.7489
-5.2764 -39.2952
4.2714 39.5685
6.7839 30.8368
39.9497 27.2718
11.3065 -23.4769
-33.4171 39.5891
-47.9899 11.3877
12.8141 -36.1725
18.3417 -6.739
-35.4271 27.4792
-25.8794 -28.6472
-5.7789 -37.4989
-26.8844 -17.8762
9.2965 1.7101
-25.3769 -32.9005
-40.9548 -35.3763
11.809 -28.5477
15.8291 -33.8051
44.9749 26.2651
43.9698 34.7237
-10.3015 11.524
28.8945 -8.2098
-7.2864 -26.1576
-17.8392 13.2182
2.2613 27.3757
35.4271 -27.4792
7.7889 20.7462
-34.4221 35.5082
6.2814 34.6529
40.9548 35.3763
37.9397 3.2044
-46.9849 -1.8522
-12.8141 36.1725
36.4322 -16.395
24.3719 38.5511
-2.7638 -31.8549
-19.8492 -13.0839
37.4372 -3.4879
48.995 -23.3615
8.794 8.3489
-22.3618 -36.8417
-31.9095 37.4491
31.9095 -37.4491
15.3266 -36.8969
47.4874 -4.8354
33.9196 -38.0816
-32.9146 39.9884
-44.9749 -26.2651
-38.4422 -9.807
-14.8241 38.9559
34.4221 -35.5082
48.4925 -17.6213
33.4171 -39.5891
16.8342 -24.8957
21.8593 33.7288
-37.9397 -3.2044
3.2663 35.4424
4.7739 39.9916
38.4422 9.807
17.8392 -13.2182
-38.9447 -16.1351
20.3518 19.2028
-27.8894 -5.1178
18.8442 -0.0711
-40.4523 -31.7686
32.9146 -39.9884
-4.2714 -39.5685
-0.7538 -9.9448
30.9045 -30.746
-24.8744 -36.233
29.8995 -20.6245
-49.4975 28.4479
-15.8291 33.8051
-1.7588 -22.1301
36.9347 -10.0826
42.4623 39.9943
5.7789 37.4989
-35.9296 22.2485
8.2915 14.7541
-21.3568 -29.6718
7.2864 26.1576
-3.7688 -38.0379
1.7588 22.1301
44.4724 30.9273
29.397 -14.6218
46.4824 8.488
0.2513 3.3462
-42.4623 -39.9943
-30.402 26.0498
-18.8442 0.0711
14.3216 -39.9244
43.4673 37.5482
-1.2563 -16.2651
-12.3116 32.8194
-18.3417 6.739
-6.2814 -34.6529
-6.7839 -30.8368
-23.8693 -39.7902
12.3116 -32.8194
25.8794 28.6472
50.0 -32.7379
27.8894 5.1178
13.8191 -39.7754
14.8241 -38.9559
10.804 -17.7489
28.392 -1.5679
27.3869 11.6602
-20.3518 -19.2028
23.3668 39.9154
-39.9497 -27.2718
40.4523 31.7686
22.8643 38.9234
-48.995 23.3615
-20.8543 -24.7842
-21.8593 -33.7288
-28.392 1.5679
19.3467 6.5987
19.8492 13.0839
-22.8643 -38.9234
-19.3467 -6.5987
26.8844 17.8762
-17.3367 19.3275
-14.3216 39.9244
1.2563 16.2651
-29.397 14.6218
-32.4121 39.2684
-11.809 28.5477
-23.3668 -39.9154
-7.7889 -20.7462
16.3317 -29.767
-39.4472 -22.0115
45.9799 14.8862
49.4975 -28.4479
13.3166 -38.513
-13.8191 39.7754
-3.2663 -35.4424
-27.3869 -11.6602
45.4774 20.8677
-16.3317 29.767
-9.799 4.9766
25.3769 32.9005
42.9648 39.3216
32.4121 -39.2684
5.2764 39.2952
9.799 -4.9766
-48.4925 17.6213
-44.4724 -30.9273
-43.4673 -37.5482
-37.4372 3.4879
-36.4322 16.395
-33.9196 38.0816
-16.8342 24.8957
-43.9698 -34.7237
-31.407 34.5816
-36.9347 10.0826
-30.9045 30.746
-45.9799 -14.8862
35.9296 -22.2485